177
9
67
76
65
83
83
73
67
32
83
85
68
79
75
85
32
71
65
77
69
32
33
13
10
13
10
71
65
77
69
32
72
65
83
32
70
73
86
69
32
76
69
86
69
76
83
46
32
89
79
85
32
67
65
78
32
67
72
65
78
71
69
32
78
85
77
66
69
82
32
13
10
73
78
32
69
86
69
82
89
32
67
69
76
76
32
87
73
84
72
32
76
69
70
84
32
77
79
85
83
69
32
66
85
84
84
79
78
32
65
78
68
13
10
89
79
85
32
67
65
78
32
68
69
76
69
84
69
32
78
85
77
66
69
82
32
73
78
32
69
86
69
82
89
32
67
69
76
76
32
87
73
84
72
32
13
10
82
73
71
72
84
32
77
79
85
83
69
32
66
85
84
84
79
78
46
32
0
